1.848	6.0635	6	1.9826	1.979	2.6067	2.6067	29.155	29.159	7.9276	2.3203	0.060271	0.12879	0.13872	4.4707	3.1805	95.414	0.56299	0.44978
5.2192	8.0849	8	1.9582	1.9542	2.6102	2.6102	29.219	29.223	7.9386	2.3271	0.062126	0.13675	0.13495	4.4725	2.9954	95.453	0.53844	0.42224
8.4635	10.106	10	1.7394	1.7418	2.6215	2.6213	29.563	29.559	7.8045	2.3143	0.061667	0.14503	0.1314	4.4714	2.8275	95.43	0.54236	0.42664
11.197	12.127	12	0.26219	0.27878	2.6632	2.6635	31.543	31.531	8.1216	2.3019	0.063864	0.17099	0.13039	4.4543	2.6477	95.064	1.406	1.3955
14.242	14.149	14	-0.3224	-0.32764	2.6616	2.6618	32.129	32.137	8.2016	2.3045	0.067261	0.16197	0.1158	4.4729	2.4725	95.462	1.836	1.8779
17.214	16.17	16	-0.69997	-0.71423	2.6683	2.6684	32.621	32.638	8.1428	2.2898	0.072678	0.14372	0.10256	4.5055	2.3138	96.158	2.5022	2.6252
20.298	18.191	18	-0.8197	-0.82016	2.6675	2.6676	32.738	32.739	8.0576	2.267	0.071965	0.13558	0.095388	4.51	2.1584	96.254	2.53	2.6564
22.861	20.213	20	-0.9303	-0.95431	2.6647	2.6643	32.82	32.841	8.0171	2.2495	0.072761	0.13157	0.10014	4.5168	2.0223	96.399	3.0112	3.1963
26.008	22.234	22	-0.8946	-0.90418	2.6857	2.6857	33.064	33.074	8.0415	2.2396	0.072572	0.12765	0.10177	4.5238	1.8925	96.55	2.854	3.0199
28.61	24.256	24	-0.61751	-0.62342	2.7261	2.7251	33.303	33.296	8.0372	2.2457	0.067977	0.12965	0.098284	4.5355	1.774	96.8	2.1671	2.2493
31.613	26.277	26	-0.85993	-0.86803	2.7296	2.7292	33.619	33.622	7.9697	2.2461	0.059691	0.11238	0.084305	4.5499	1.6825	97.107	3.3399	3.565
34.235	28.299	28	-1.0151	-1.0122	2.7275	2.7274	33.763	33.758	7.8432	2.2252	0.053476	0.096447	0.093633	4.5559	1.5985	97.235	4.0984	4.4159
36.917	30.32	30	-1.0992	-1.0954	2.7295	2.7294	33.884	33.878	7.7311	2.1982	0.050347	0.086917	0.093731	4.5585	1.5199	97.293	4.9166	5.3338
39.966	32.341	32	-1.1311	-1.1309	2.7355	2.7357	34	34.004	7.6144	2.168	0.048315	0.078328	0.097163	4.5567	1.4467	97.25	5.2248	5.6795
42.397	34.362	34	-1.1383	-1.1379	2.7386	2.7385	34.049	34.048	7.5597	2.148	0.047351	0.076798	0.10893	4.551	1.3738	97.13	5.5791	6.077
45.382	36.384	36	-1.1289	-1.1278	2.7414	2.7414	34.077	34.075	7.5385	2.1327	0.044837	0.07648	0.1094	4.5548	1.3056	97.211	5.561	6.0567
48.214	38.405	38	-1.1126	-1.1129	2.7454	2.7454	34.11	34.111	7.5319	2.1261	0.043911	0.076011	0.10482	4.5619	1.2351	97.363	5.526	6.0174
50.9	40.428	40	-1.1051	-1.1058	2.7473	2.7473	34.127	34.128	7.5321	2.1234	0.043585	0.075879	0.10608	4.5641	1.1706	97.408	5.6477	6.154
53.81	42.448	42	-1.0948	-1.0954	2.7505	2.7505	34.158	34.158	7.5328	2.1223	0.042182	0.076587	0.0998	4.5688	1.1077	97.511	5.6443	6.1501
56.76	44.47	44	-1.086	-1.0866	2.7542	2.7543	34.198	34.2	7.5155	2.1215	0.042112	0.075422	0.10349	4.5606	1.0411	97.335	5.9555	6.4993
59.303	46.492	46	-1.0825	-1.0832	2.7553	2.7553	34.207	34.209	7.4974	2.1182	0.0413	0.074589	0.11783	4.5562	0.9803	97.241	5.8233	6.351
62.439	48.514	48	-1.082	-1.0824	2.7557	2.7558	34.211	34.212	7.4861	2.1146	0.040237	0.07303	0.11146	4.5515	0.91963	97.139	6.0013	6.5506
64.88	50.535	50	-1.0776	-1.0779	2.7571	2.7571	34.224	34.224	7.4756	2.1122	0.03987	0.071254	0.12095	4.5499	0.84961	97.105	5.9724	6.5182
67.653	52.557	52	-1.0739	-1.0749	2.759	2.7592	34.244	34.248	7.4772	2.1104	0.040157	0.072037	0.11893	4.5469	0.78782	97.041	6.0651	6.6222
70.587	54.578	54	-1.076	-1.0767	2.7605	2.7605	34.266	34.267	7.468	2.1089	0.039622	0.071682	0.1289	4.5433	0.72345	96.967	6.0477	6.6027
73.095	56.6	56	-1.1002	-1.1021	2.7594	2.7593	34.277	34.279	7.4733	2.1073	0.039713	0.069985	0.13989	4.5257	0.65397	96.59	6.0637	6.6206
76.12	58.622	58	-1.1225	-1.1238	2.7586	2.7587	34.29	34.292	7.4924	2.1079	0.03896	0.070675	0.19416	4.4903	0.60049	95.834	6.08	6.6389
78.777	60.644	60	-1.1286	-1.1286	2.7589	2.759	34.3	34.301	7.4959	2.1089	0.039263	0.072544	0.21805	4.4721	0.52949	95.446	6.1019	6.6635
81.609	62.666	62	-1.1281	-1.1288	2.759	2.759	34.3	34.301	7.4976	2.1093	0.038696	0.072343	0.22463	4.4684	0.45736	95.366	6.1541	6.7221
84.243	64.687	64	-1.1277	-1.128	2.7593	2.7593	34.302	34.302	7.4965	2.1092	0.037119	0.072022	0.22522	4.4657	0.36768	95.308	6.1216	6.6856
87.481	66.709	66	-1.1345	-1.1357	2.7597	2.7598	34.315	34.317	7.495	2.1087	0.037672	0.070983	0.23971	4.4433	0.29519	94.83	6.1026	6.6643
89.945	68.731	68	-1.1635	-1.1616	2.7604	2.7605	34.356	34.355	7.515	2.109	0.037748	0.072243	0.3561	4.387	0.20577	93.629	6.2615	6.8425
92.872	70.753	70	-1.1731	-1.1723	2.7602	2.7602	34.363	34.362	7.5207	2.1103	0.037642	0.072195	0.57472	4.3094	0.11749	91.972	6.1111	6.6738
95.872	72.775	72	-1.1956	-1.1961	2.7594	2.7595	34.377	34.378	7.535	2.111	0.036657	0.072897	0.69219	4.2625	0.030434	90.969	6.1961	6.7692
98.417	74.797	74	-1.194	-1.1945	2.7596	2.7596	34.376	34.377	7.5375	2.1125	0.036617	0.072301	0.75085	4.2303	0.0030034	90.281	6.2704	6.8525
101.75	76.819	76	-1.1995	-1.2	2.7594	2.7594	34.378	34.379	7.5379	2.1126	0.035766	0.073804	0.73503	4.2296	0.0024523	90.267	6.226	6.8027
104.36	78.841	78	-1.2003	-1.2007	2.7594	2.7594	34.378	34.379	7.5392	2.1125	0.035619	0.073865	0.7979	4.2224	0.0024686	90.112	6.2996	6.8853
107.44	80.863	80	-1.2014	-1.2018	2.7594	2.7595	34.379	34.38	7.5384	2.1122	0.035584	0.073082	0.78802	4.2183	0.0024581	90.024	6.2425	6.8212
110.06	82.885	82	-1.2012	-1.2017	2.7595	2.7596	34.378	34.379	7.5421	2.112	0.035796	0.071275	0.7973	4.2165	0.0024428	89.987	6.2936	6.8786
113.47	84.906	84	-1.2018	-1.2019	2.7596	2.7597	34.378	34.379	7.5382	2.1114	0.035759	0.07288	0.79149	4.2188	0.0024161	90.036	6.1159	6.6792
117.46	86.929	86	-1.201	-1.2016	2.7597	2.7598	34.378	34.379	7.5378	2.1107	0.035406	0.073258	0.81932	4.2184	0.0024128	90.027	6.1902	6.7626
121.58	88.95	88	-1.2025	-1.2029	2.7597	2.7598	34.378	34.379	7.5384	2.1103	0.03598	0.072519	0.78759	4.2139	0.0024038	89.931	6.2179	6.7936
146.47	90.972	90	-1.2033	-1.2035	2.7597	2.7598	34.378	34.379	7.5294	2.1076	0.035835	0.073451	0.84362	4.2023	0.0024209	89.684	6.1458	6.7127
